# n_s H0 omega_b omega_cdm logA alpha_gomp threehalves_over_beta w0_fld wa_fld m_ncdm A_act P_act
1.063823907928614387e-05 -2.851158415977631151e-04 2.937036617929787144e-08 -1.582078783459026287e-06 5.373902381365383305e-06 -6.064545811787102372e-06 3.500241190270154387e-05 -9.014346354298730354e-06 -7.402519261075136048e-05 -4.231718114819793140e-05 1.840567129497525856e-06 5.900279444256514233e-07
-2.851158415977631151e-04 2.780503943349730278e+00 -2.419647470490083653e-06 2.541794584999005832e-04 2.361727306555496796e-03 -1.182361815864094862e-03 6.324432964285734218e-03 2.122972113768438474e-01 -4.666172146951184652e-01 -3.432596399811026905e-02 3.949004182502460726e-04 -1.678645527602615309e-05
2.937036617929787144e-08 -2.419647470490083653e-06 1.138584571590920174e-08 -2.809507776485664878e-08 1.914296004397216093e-07 -8.643030806889132631e-08 5.059506829992183377e-07 -4.451683889214861748e-07 -1.249261345708221518e-06 -1.086653292227219642e-06 2.770176917673818700e-08 -2.704009827186531345e-08
-1.582078783459026287e-06 2.541794584999005832e-04 -2.809507776485664878e-08 7.730883159294070320e-07 -2.738418681032942183e-06 2.348890065277353245e-06 -1.312481468504842817e-05 1.674777069733234257e-05 -6.629829554517098248e-06 -5.293702277027546070e-07 -9.094216625237477289e-07 -1.515354236317657830e-07
5.373902381365383305e-06 2.361727306555496796e-03 1.914296004397216093e-07 -2.738418681032942183e-06 1.013224388511694104e-04 -7.940196077012814967e-05 4.868038505919364115e-04 2.548265571839565145e-04 -7.130626334583008803e-04 -8.935083653678478583e-06 9.477436714613384918e-06 2.109607692846441660e-07
-6.064545811787102372e-06 -1.182361815864094862e-03 -8.643030806889132631e-08 2.348890065277353245e-06 -7.940196077012814967e-05 8.702340775828856486e-04 4.970372764597309539e-04 -1.198323968139657200e-04 3.364605842659198391e-04 -2.944854402312075843e-05 8.876117074312697798e-07 -3.689542291454587642e-07
3.500241190270154387e-05 6.324432964285734218e-03 5.059506829992183377e-07 -1.312481468504843156e-05 4.868038505919364115e-04 4.970372764597309539e-04 4.285847694332271113e-03 7.793895503164120298e-04 -2.367168644847785202e-03 1.039342110752560502e-05 -1.064122323835418395e-05 2.415322079276902617e-07
-9.014346354298732048e-06 2.122972113768438474e-01 -4.451683889214861748e-07 1.674777069733234257e-05 2.548265571839565145e-04 -1.198323968139657200e-04 7.793895503164120298e-04 1.745229344036005464e-02 -4.007831582899581274e-02 -3.579123126609960823e-03 4.832599750825123351e-05 2.076469091092745604e-06
-7.402519261075136048e-05 -4.666172146951184652e-01 -1.249261345708221518e-06 -6.629829554517098248e-06 -7.130626334583008803e-04 3.364605842659198391e-04 -2.367168644847785202e-03 -4.007831582899581274e-02 9.911036552186235082e-02 1.425970926945571357e-02 -1.450060957429837592e-04 -1.490381435750628919e-05
-4.231718114819793140e-05 -3.432596399811026905e-02 -1.086653292227219642e-06 -5.293702277027543952e-07 -8.935083653678476889e-06 -2.944854402312077198e-05 1.039342110752560332e-05 -3.579123126609960823e-03 1.425970926945571704e-02 8.527582259766392989e-03 6.220756934520701290e-06 -5.703184330600769550e-06
1.840567129497525856e-06 3.949004182502461810e-04 2.770176917673818700e-08 -9.094216625237477289e-07 9.477436714613384918e-06 8.876117074312697798e-07 -1.064122323835418226e-05 4.832599750825123351e-05 -1.450060957429837592e-04 6.220756934520698749e-06 6.853987556543933332e-06 2.343778161572590554e-08
5.900279444256514233e-07 -1.678645527602615309e-05 -2.704009827186531345e-08 -1.515354236317657830e-07 2.109607692846441660e-07 -3.689542291454587642e-07 2.415322079276903146e-07 2.076469091092745604e-06 -1.490381435750628580e-05 -5.703184330600769550e-06 2.343778161572590554e-08 6.185030526878398635e-06
