# n_s H0 omega_b omega_cdm logA alpha_gomp threehalves_over_beta m_ncdm A_act P_act
9.449810178945369240e-06 2.694679310562745180e-04 -1.315919004121797475e-08 -1.036292905950025933e-06 -6.930773304244685773e-08 -3.127169215569306224e-06 1.882962752162549856e-05 1.258145042376732545e-05 2.443449043650245914e-07 4.448718494981180763e-07
2.694679310562745180e-04 8.810337041115938461e-02 1.276444874629481292e-05 -1.342186756960634135e-04 1.043632637258122423e-04 -1.715029056517202019e-04 1.180655216295811195e-03 -2.625386699831141774e-03 3.289253584777883735e-05 -1.916818263363287223e-06
-1.315919004121797475e-08 1.276444874629481292e-05 1.074064666411342912e-08 -1.322102254325603400e-08 1.612166776222198415e-07 9.220407765105832672e-09 4.083415833259000961e-07 2.036306053820365574e-07 1.422924089928199590e-08 -3.029625859951982677e-08
-1.036292905950025933e-06 -1.342186756960634135e-04 -1.322102254325603400e-08 5.011234387302771391e-07 -6.232738527399233470e-08 7.940790126750119279e-07 -5.393028120966953557e-06 -6.062458476452521120e-06 -8.473862231490382827e-08 -9.610008185963582766e-08
-6.930773304244685773e-08 1.043632637258122423e-04 1.612166776222198415e-07 -6.232738527399233470e-08 1.418085168991632509e-04 -9.706346353565987713e-05 5.827837023570244489e-04 1.257068540361751187e-05 1.594790827748169374e-05 -2.865344648535740590e-07
-3.127169215569306224e-06 -1.715029056517202019e-04 9.220407765105832672e-09 7.940790126750119279e-07 -9.706346353565987713e-05 9.774260880290840114e-04 5.565539872350235440e-04 -1.045383841886023565e-05 7.228542956548947532e-07 -2.307501069684698497e-07
1.882962752162549856e-05 1.180655216295811195e-03 4.083415833259000961e-07 -5.393028120966953557e-06 5.827837023570244489e-04 5.565539872350235440e-04 4.812051446095304275e-03 1.322841697606794544e-04 -1.183501656747635676e-05 -2.312560762135712321e-06
1.258145042376732545e-05 -2.625386699831141774e-03 2.036306053820365045e-07 -6.062458476452521120e-06 1.257068540361751187e-05 -1.045383841886023226e-05 1.322841697606794544e-04 5.678216762528346924e-04 2.277412454949721786e-06 1.904937327271233239e-06
2.443449043650245914e-07 3.289253584777883735e-05 1.422924089928199590e-08 -8.473862231490382827e-08 1.594790827748169374e-05 7.228542956548947532e-07 -1.183501656747635676e-05 2.277412454949721786e-06 8.969263569220564967e-06 -8.194451919341237578e-08
4.448718494981180763e-07 -1.916818263363287223e-06 -3.029625859951982677e-08 -9.610008185963582766e-08 -2.865344648535740590e-07 -2.307501069684698497e-07 -2.312560762135712321e-06 1.904937327271232604e-06 -8.194451919341237578e-08 6.198194564774855134e-06
