# n_s H0 omega_b omega_cdm logA alpha_gomp threehalves_over_beta m_ncdm A_act P_act
9.259420581114613546e-06 2.625789247374764996e-04 -1.724639224851641304e-08 -9.955193763646676118e-07 -1.071678316554430449e-06 -4.219377135421484823e-06 9.856267378844012439e-06 1.111126393768152755e-05 2.947190329609605898e-07 4.756970970227622195e-07
2.625789247374764996e-04 8.751570625297135086e-02 1.348800410303057834e-05 -1.369424317844911414e-04 4.111893324179076632e-05 -3.554933194471311480e-04 7.104854150346154654e-04 -2.407798605925557615e-03 1.831498033475063467e-05 2.519766381286670166e-06
-1.724639224851641304e-08 1.348800410303057834e-05 1.087935634846009868e-08 -1.458997791791807526e-08 1.229691619108787398e-07 -9.021710030491163668e-08 1.753073885333940647e-07 1.826508061015847373e-07 4.597696850173341677e-09 -2.880397832448714587e-08
-9.955193763646676118e-07 -1.369424317844911414e-04 -1.458997791791807526e-08 4.985913520541865512e-07 1.225790127177484482e-07 1.429030251175783625e-06 -2.926165257644451151e-06 -5.655236606513646383e-06 -1.081289669964778660e-07 -8.593567091147393346e-08
-1.071678316554430449e-06 4.111893324179076632e-05 1.229691619108787398e-07 1.225790127177484482e-07 1.257632523435276469e-04 -1.727101587180267499e-04 3.694500608393174791e-04 7.771700197543562465e-06 1.670045666860615156e-05 -2.441493716712416556e-07
-4.219377135421484823e-06 -3.554933194471311480e-04 -9.021710030491163668e-08 1.429030251175783625e-06 -1.727101587180267499e-04 5.030762196559687401e-04 -5.460268998054617143e-04 -2.926036215448554298e-05 9.606195016601301229e-07 4.886520224142104411e-07
9.856267378844012439e-06 7.104854150346154654e-04 1.753073885333940647e-07 -2.926165257644451151e-06 3.694500608393174791e-04 -5.460268998054617143e-04 1.916066855188910262e-03 6.119179547206845518e-05 -6.442690720491698774e-06 -1.493054314536288982e-06
1.111126393768152755e-05 -2.407798605925557615e-03 1.826508061015847373e-07 -5.655236606513646383e-06 7.771700197543562465e-06 -2.926036215448554298e-05 6.119179547206845518e-05 5.236473985904873535e-04 3.202625457687132148e-06 1.289433993673407345e-06
2.947190329609605898e-07 1.831498033475063467e-05 4.597696850173341677e-09 -1.081289669964778660e-07 1.670045666860615156e-05 9.606195016601301229e-07 -6.442690720491698774e-06 3.202625457687132148e-06 9.009465936375060243e-06 -5.366861609370787604e-08
4.756970970227622195e-07 2.519766381286670166e-06 -2.880397832448714587e-08 -8.593567091147393346e-08 -2.441493716712416556e-07 4.886520224142104411e-07 -1.493054314536288982e-06 1.289433993673407345e-06 -5.366861609370787604e-08 6.147014531122433592e-06
