# n_s H0 omega_b omega_cdm logA tau w0_fld wa_fld A_act P_act
1.022235424119290760e-05 -4.572960914602044210e-04 6.210519871096240767e-09 -1.417057438539933458e-06 5.341685549446052868e-07 4.679122378362723738e-07 -2.810321467316509000e-05 5.448288657492461392e-06 2.234914740113043834e-06 5.811254370457599832e-07
-4.572960914602044210e-04 2.860786056753360285e+00 -6.294611622591081471e-06 2.199567727880245101e-04 1.141079141926833488e-03 -3.063351760027637686e-05 2.177786617636580380e-01 -4.488356874810247032e-01 3.560273558220171668e-04 -2.851481927032421113e-05
6.210519871096240767e-09 -6.294611622591081471e-06 1.078728888694922772e-08 -2.275957509660291666e-08 1.136605302165320518e-07 2.479790430976497206e-08 -8.937119519235656134e-07 7.724311518490651200e-07 3.443547338539801788e-08 -2.601449669109272896e-08
-1.417057438539933458e-06 2.199567727880245101e-04 -2.275957509660291666e-08 6.795651831085767458e-07 -9.581303179361627857e-07 -2.190721181799733742e-07 1.433449779656044590e-05 -4.361557073691916138e-06 -1.048261366478722292e-06 -1.559566015075218463e-07
5.341685549446052868e-07 1.141079141926833488e-03 1.136605302165320518e-07 -9.581303179361627857e-07 2.821340392102542717e-05 3.438184894308850247e-06 1.254833812020389743e-04 -3.440768908122626224e-04 1.076954615757792000e-05 3.075671619597446757e-07
4.679122378362723738e-07 -3.063351760027637686e-05 2.479790430976497206e-08 -2.190721181799733742e-07 3.438184894308850247e-06 1.846645543319559022e-06 -2.682159295057375220e-06 -2.818068738541739889e-06 1.127520114235594502e-07 -2.114602353211705623e-08
-2.810321467316509000e-05 2.177786617636580380e-01 -8.937119519235656134e-07 1.433449779656044590e-05 1.254833812020389743e-04 -2.682159295057375220e-06 1.779007144597850518e-02 -3.784639202268733765e-02 5.025856203475071550e-05 1.071383544392961289e-06
5.448288657492461392e-06 -4.488356874810247032e-01 7.724311518490651200e-07 -4.361557073691916138e-06 -3.440768908122626224e-04 -2.818068738541739889e-06 -3.784639202268733765e-02 8.279160961114714889e-02 -1.649215135294038984e-04 -9.654376956825950402e-06
2.234914740113043834e-06 3.560273558220171668e-04 3.443547338539801788e-08 -1.048261366478722292e-06 1.076954615757792000e-05 1.127520114235594502e-07 5.025856203475071550e-05 -1.649215135294038984e-04 6.775993885177624245e-06 9.757820747770218883e-08
5.811254370457599832e-07 -2.851481927032421113e-05 -2.601449669109272896e-08 -1.559566015075218463e-07 3.075671619597446757e-07 -2.114602353211705623e-08 1.071383544392961289e-06 -9.654376956825950402e-06 9.757820747770218883e-08 6.173069525249159524e-06
