# n_s H0 omega_b omega_cdm logA alpha_gomp threehalves_over_beta m_ncdm A_act P_act
9.185750035902913739e-06 2.532459274922882453e-04 -1.661015504539723799e-08 -9.109452322175184876e-07 2.788569082232155366e-06 -5.276124532028471134e-06 2.324711969705462890e-05 9.005709431759741153e-06 9.578000461299269348e-07 4.146631106939491996e-07
2.532459274922882453e-04 8.538955651692695104e-02 1.273386080889467293e-05 -1.275813090660090428e-04 3.586782918979435574e-04 -4.029209939397139246e-04 1.746116208697009791e-03 -2.578574031825452140e-03 8.103300924098544018e-05 5.121220078117840468e-06
-1.661015504539723799e-08 1.273386080889467293e-05 1.037429502218660913e-08 -1.255611907985190024e-08 1.413053939309570808e-07 -4.667352534999455879e-08 2.716246968213638597e-07 1.424916594560159997e-07 9.417095087306292875e-09 -2.940660603461542416e-08
-9.109452322175184876e-07 -1.275813090660090428e-04 -1.255611907985190024e-08 4.372106087017560673e-07 -1.657173267537996472e-06 1.592140807210475277e-06 -8.233253451010467879e-06 -4.209804179025253370e-06 -4.873722949438701603e-07 -8.843206006007488530e-08
2.788569082232155366e-06 3.586782918979435574e-04 1.413053939309570808e-07 -1.657173267537996472e-06 9.631071116476525148e-05 -7.933055326373068816e-05 4.900553430645167730e-04 4.585621429393149304e-05 4.627526177517806211e-06 -2.327568840404717640e-07
-5.276124532028471134e-06 -4.029209939397139246e-04 -4.667352534999455879e-08 1.592140807210475277e-06 -7.933055326373068816e-05 9.636332242588125643e-04 5.886280894041907592e-04 -2.776990041123243916e-05 4.812487704276114482e-06 -2.727752890542926896e-07
2.324711969705462890e-05 1.746116208697009358e-03 2.716246968213639126e-07 -8.233253451010467879e-06 4.900553430645167730e-04 5.886280894041907592e-04 4.575448955622974170e-03 1.709517000124167899e-04 -3.216237650456484483e-05 -3.123240339316663181e-06
9.005709431759741153e-06 -2.578574031825452140e-03 1.424916594560159997e-07 -4.209804179025253370e-06 4.585621429393149304e-05 -2.776990041123244594e-05 1.709517000124167899e-04 4.794487678961164255e-04 1.174566500165872866e-05 1.150897365970685080e-06
9.578000461299269348e-07 8.103300924098544018e-05 9.417095087306292875e-09 -4.873722949438701603e-07 4.627526177517806211e-06 4.812487704276114482e-06 -3.216237650456484483e-05 1.174566500165873036e-05 5.935627720638878142e-06 -1.350330547529238971e-08
4.146631106939491996e-07 5.121220078117840468e-06 -2.940660603461542416e-08 -8.843206006007488530e-08 -2.327568840404717640e-07 -2.727752890542926896e-07 -3.123240339316663604e-06 1.150897365970685503e-06 -1.350330547529238971e-08 6.169577176287992453e-06
