# n_s H0 omega_b omega_cdm logA alpha_gomp threehalves_over_beta A_act P_act
1.348719334302237301e-05 1.222591077556618548e-03 6.704159798258706390e-08 -3.091550296010989281e-06 -1.076189200645852842e-06 -1.073805545422727093e-05 2.461570081674399653e-05 5.969274758651265088e-07 8.226984034447618653e-07
1.222591077556618548e-03 2.529893798393025306e-01 3.071629336729812798e-05 -5.953980344200572117e-04 7.155418444757909028e-05 -1.865186924909023082e-03 3.518569010667484728e-03 1.356672722343307954e-04 8.391665065515705954e-05
6.704159798258706390e-08 3.071629336729812798e-05 1.208907046035708383e-08 -5.252703985181403827e-08 1.417434961692516619e-07 -2.153726449901407896e-07 3.629716626600710912e-07 2.571590887801036876e-08 -2.408451396536985952e-08
-3.091550296010989281e-06 -5.953980344200572117e-04 -5.252703985181403827e-08 1.498244101856665090e-06 2.388968497423224761e-07 4.509295650968183502e-06 -8.612102280363923367e-06 -3.052231902499141136e-07 -2.631517668102419895e-07
-1.076189200645852842e-06 7.155418444757909028e-05 1.417434961692516619e-07 2.388968497423224761e-07 1.165023560059965773e-04 -1.536766960975902380e-04 3.455703700073177128e-04 1.649249028842852624e-05 -2.931989895136819036e-07
-1.073805545422727093e-05 -1.865186924909023082e-03 -2.153726449901407896e-07 4.509295650968183502e-06 -1.536766960975902380e-04 4.897622769758241436e-04 -5.126223068857036023e-04 1.541894441991709418e-06 5.867094612138488276e-08
2.461570081674399653e-05 3.518569010667484728e-03 3.629716626600710912e-07 -8.612102280363923367e-06 3.455703700073177128e-04 -5.126223068857036023e-04 1.903025271937261150e-03 -3.862195655133312043e-06 2.797679736641870441e-07
5.969274758651265088e-07 1.356672722343307954e-04 2.571590887801036876e-08 -3.052231902499141136e-07 1.649249028842852624e-05 1.541894441991709418e-06 -3.862195655133312043e-06 8.883471067950256535e-06 -7.205126160867809586e-08
8.226984034447618653e-07 8.391665065515705954e-05 -2.408451396536985952e-08 -2.631517668102419895e-07 -2.931989895136819036e-07 5.867094612138488276e-08 2.797679736641870441e-07 -7.205126160867809586e-08 6.151416497531409949e-06
