# n_s H0 omega_b omega_cdm logA tau A_act P_act
8.832037392286301797e-06 3.172926063034040185e-04 -1.971073724695829814e-08 -8.740442104887256050e-07 3.184327782101260600e-06 2.986609561655194996e-06 4.998794167979903212e-07 4.166139623687337661e-07
3.172926063034040185e-04 7.105083656201635622e-02 1.296763460618407435e-05 -1.504049740295819036e-04 7.097760613463507040e-04 4.014531139965835690e-04 1.156615536888253552e-04 6.030660318625404202e-06
-1.971073724695829814e-08 1.296763460618407435e-05 1.019048134199534112e-08 -1.010464501536690100e-08 1.338491457122923123e-07 4.821967500784071594e-08 7.963410485737510405e-09 -3.047606455798293575e-08
-8.740442104887256050e-07 -1.504049740295819036e-04 -1.010464501536690100e-08 4.054884261394817305e-07 -1.479847245528627087e-06 -9.579088555489521088e-07 -2.968024010807807234e-07 -6.469107741467531059e-08
3.184327782101260600e-06 7.097760613463507040e-04 1.338491457122923123e-07 -1.479847245528627087e-06 1.241083570107176721e-04 6.282690849079627525e-05 8.123449843175543004e-07 -3.726348789672348456e-07
2.986609561655194996e-06 4.014531139965835690e-04 4.821967500784071594e-08 -9.579088555489521088e-07 6.282690849079627525e-05 3.763230419505673232e-05 -4.605376342146935581e-06 -2.636251777121036825e-07
4.998794167979903212e-07 1.156615536888253552e-04 7.963410485737510405e-09 -2.968024010807807234e-07 8.123449843175543004e-07 -4.605376342146935581e-06 5.626283611906696865e-06 -9.757421333905197849e-08
4.166139623687337661e-07 6.030660318625404202e-06 -3.047606455798293575e-08 -6.469107741467531059e-08 -3.726348789672348456e-07 -2.636251777121036825e-07 -9.757421333905197849e-08 6.100546890758530628e-06
