# n_s H0 omega_b omega_cdm logA alpha_gomp threehalves_over_beta A_act P_act
1.321343549579362593e-05 1.190918061831233070e-03 7.022110539588672309e-08 -2.988229923834808835e-06 5.232111332750756091e-07 -7.230052676212747034e-06 3.736762476800544087e-05 5.536162913553916212e-07 8.059580773323826746e-07
1.190918061831233070e-03 2.470895955375628505e-01 3.112404989605708941e-05 -5.767840119074386842e-04 3.134168687572469231e-04 -1.078971528392064878e-03 5.736213996146103528e-03 1.306261064118156715e-04 8.423641568398535916e-05
7.022110539588672309e-08 3.112404989605708941e-05 1.195540682764228081e-08 -5.432892526881756134e-08 1.441518952915779323e-07 -7.832726810173372916e-08 5.971531761575483964e-07 2.332101382186590269e-08 -1.943381886577238859e-08
-2.988229923834808835e-06 -5.767840119074386842e-04 -5.432892526881756134e-08 1.437639160415781976e-06 -3.981097739495012028e-07 2.686696089998354686e-06 -1.399648474049222511e-05 -2.887392896969663882e-07 -2.484014854154152531e-07
5.232111332750756091e-07 3.134168687572469231e-04 1.441518952915779323e-07 -3.981097739495012028e-07 1.303019997322509883e-04 -8.625458622331876697e-05 5.431143712035161990e-04 1.558558314511635317e-05 -9.817693029675901591e-08
-7.230052676212747034e-06 -1.078971528392064878e-03 -7.832726810173372916e-08 2.686696089998354686e-06 -8.625458622331876697e-05 9.080206771629257189e-04 5.020940632325052990e-04 1.053873006970992088e-06 -6.535711385353903559e-07
3.736762476800542732e-05 5.736213996146103528e-03 5.971531761575485023e-07 -1.399648474049222680e-05 5.431143712035161990e-04 5.020940632325052990e-04 4.565182477149607246e-03 -4.854018709362704193e-06 7.322932557325666651e-08
5.536162913553916212e-07 1.306261064118156715e-04 2.332101382186590269e-08 -2.887392896969663882e-07 1.558558314511635317e-05 1.053873006970992088e-06 -4.854018709362704193e-06 8.533513898577242714e-06 -6.632604735838055937e-08
8.059580773323826746e-07 8.423641568398535916e-05 -1.943381886577238859e-08 -2.484014854154152531e-07 -9.817693029675901591e-08 -6.535711385353903559e-07 7.322932557325671945e-08 -6.632604735838055937e-08 6.247267793079888598e-06
