# n_s H0 omega_b omega_cdm logA alpha_gomp threehalves_over_beta A_act P_act
8.973714402124019696e-06 3.038112907759185567e-04 -1.562745339345735259e-08 -8.270676089635682817e-07 1.972578099756398131e-06 -8.875161953628698885e-06 1.577290968866056520e-05 6.845723503749742293e-07 4.351822173445744374e-07
3.038112907759185567e-04 7.037910822664938948e-02 1.352862079902601589e-05 -1.478444317511508929e-04 5.451394954769710156e-04 -9.030343303523947866e-04 1.951596233737070384e-03 1.378406334343685376e-04 7.152937364223711737e-06
-1.562745339345735259e-08 1.352862079902601589e-05 1.069561600941199715e-08 -1.027872573325905391e-08 1.340110165563209429e-07 -6.121393644714484236e-08 2.240497854700531111e-07 5.066447493534646362e-09 -3.155548009549468090e-08
-8.270676089635682817e-07 -1.478444317511508929e-04 -1.027872573325905391e-08 3.998969002815934087e-07 -1.084593387438935865e-06 2.261539490792320723e-06 -4.815092691455685647e-06 -3.728668518178121520e-07 -7.529994687354458413e-08
1.972578099756398131e-06 5.451394954769710156e-04 1.340110165563209429e-07 -1.084593387438935865e-06 9.050362314020117961e-05 -1.685330688331167855e-04 3.494699938070884733e-04 3.695911681472405490e-06 -2.910575092825871620e-07
-8.875161953628698885e-06 -9.030343303523947866e-04 -6.121393644714484236e-08 2.261539490792320723e-06 -1.685330688331167855e-04 5.709753736553426027e-04 -6.059804870469474728e-04 1.122301824347052697e-05 6.503717939006885790e-07
1.577290968866056520e-05 1.951596233737070384e-03 2.240497854700531111e-07 -4.815092691455685647e-06 3.494699938070884733e-04 -6.059804870469474728e-04 2.035935706672569855e-03 -2.554485176752895349e-05 -1.690480676412760371e-06
6.845723503749742293e-07 1.378406334343685376e-04 5.066447493534646362e-09 -3.728668518178121520e-07 3.695911681472405490e-06 1.122301824347052697e-05 -2.554485176752895349e-05 5.461073807321961104e-06 -4.840040842502125510e-08
4.351822173445744374e-07 7.152937364223711737e-06 -3.155548009549468090e-08 -7.529994687354458413e-08 -2.910575092825871620e-07 6.503717939006885790e-07 -1.690480676412760371e-06 -4.840040842502125510e-08 6.164773984740466361e-06
