# n_s H0 omega_b omega_cdm logA alpha_gomp threehalves_over_beta A_act P_act
8.977712327121791444e-06 3.023754732205757531e-04 -2.037265609278874637e-08 -8.288107119201722369e-07 1.651021329062984655e-06 -7.577246997052242634e-06 1.423513427044311035e-05 7.444073188889350240e-07 4.348294808813780186e-07
3.023754732205757531e-04 6.989941425485803050e-02 1.337195680093182013e-05 -1.484017347493919346e-04 5.810250938740372205e-04 -9.176937065928287597e-04 2.087422452307833350e-03 1.395067715315436113e-04 7.625699547905417919e-06
-2.037265609278874637e-08 1.337195680093182013e-05 1.027099809995143210e-08 -1.178717217591653743e-08 1.518664640896376658e-07 -1.310394715133903231e-07 2.476545103363559089e-07 8.056889725792052521e-09 -2.989198063758437821e-08
-8.288107119201722369e-07 -1.484017347493919346e-04 -1.178717217591653743e-08 3.993981903886502037e-07 -1.182089498400909268e-06 2.263081564637356739e-06 -5.187159931468240332e-06 -3.712635367894094210e-07 -6.996087556617820633e-08
1.651021329062984655e-06 5.810250938740372205e-04 1.518664640896376658e-07 -1.182089498400909268e-06 9.304403393292645457e-05 -1.655067352192049859e-04 3.544141057814929386e-04 3.979260773366699267e-06 -2.542697227365888082e-07
-7.577246997052242634e-06 -9.176937065928287597e-04 -1.310394715133903231e-07 2.263081564637356739e-06 -1.655067352192049859e-04 5.471791463365401759e-04 -5.961094876766364270e-04 1.184509737557269740e-05 7.535680675821233598e-07
1.423513427044311035e-05 2.087422452307833350e-03 2.476545103363559089e-07 -5.187159931468240332e-06 3.544141057814929386e-04 -5.961094876766364270e-04 2.008265835190048160e-03 -2.492412576058366605e-05 -1.256147942888424676e-06
7.444073188889350240e-07 1.395067715315436113e-04 8.056889725792052521e-09 -3.712635367894094210e-07 3.979260773366699267e-06 1.184509737557269740e-05 -2.492412576058366605e-05 5.643693127315473201e-06 -6.697293590873670610e-08
4.348294808813780186e-07 7.625699547905417919e-06 -2.989198063758437821e-08 -6.996087556617820633e-08 -2.542697227365888082e-07 7.535680675821233598e-07 -1.256147942888424676e-06 -6.697293590873670610e-08 6.147268764814634126e-06
