# n_s H0 omega_b omega_cdm logA alpha_gomp threehalves_over_beta w0_fld wa_fld A_act P_act
1.021954704937256918e-05 -3.542321043866975341e-04 1.253028604118990582e-08 -1.522852034584555570e-06 5.827315996190123419e-06 -6.408115984154322694e-06 3.894881648133681891e-05 -1.453885744562864111e-05 -3.545156810412982968e-05 1.794718676880919064e-06 5.798111296370836232e-07
-3.542321043866974799e-04 2.875211655574765324e+00 -1.099729549882949017e-06 1.107349848682112094e-04 1.803840349603913441e-03 -7.629981786519292710e-04 6.196276287538433729e-03 2.176496782985541945e-01 -4.559628183791280542e-01 2.847802842014660659e-04 1.412621426593158624e-05
1.253028604118990582e-08 -1.099729549882949017e-06 1.113048016203842542e-08 -2.535219424226713598e-08 2.054100386186108359e-07 -1.280910851635210035e-07 4.571914813981603358e-07 -4.435607632495137753e-07 -4.211509296164728199e-07 3.324159909045671510e-08 -2.638603787308533223e-08
-1.522852034584555570e-06 1.107349848682112094e-04 -2.535219424226713598e-08 7.294022735682182288e-07 -2.995255236367518462e-06 2.206144728296742725e-06 -1.457798114801097906e-05 3.958110778811531448e-06 2.249629251720978120e-05 -9.279298141152918632e-07 -1.292333654620720936e-07
5.827315996190123419e-06 1.803840349603913441e-03 2.054100386186108359e-07 -2.995255236367518462e-06 9.897564134680290220e-05 -7.860113947185855688e-05 4.881107759169564324e-04 2.207469466948765071e-04 -6.788348490130530167e-04 8.191020471376946863e-06 4.013786459252745648e-07
-6.408115984154322694e-06 -7.629981786519292710e-04 -1.280910851635210035e-07 2.206144728296742725e-06 -7.860113947185855688e-05 8.887142895415800319e-04 5.084609353119485175e-04 -1.078771324972380049e-04 3.676457758993180967e-04 2.430159591481769149e-06 1.293682526584832131e-07
3.894881648133681891e-05 6.196276287538433729e-03 4.571914813981603358e-07 -1.457798114801097906e-05 4.881107759169564324e-04 5.084609353119485175e-04 4.333108023569053405e-03 8.303106072760254837e-04 -2.696829943945739695e-03 -1.238872247165901149e-05 1.037772110547879425e-06
-1.453885744562863772e-05 2.176496782985541945e-01 -4.435607632495137753e-07 3.958110778811531448e-06 2.207469466948765071e-04 -1.078771324972380049e-04 8.303106072760253753e-04 1.778640673599172356e-02 -3.868727589349031659e-02 4.097924731985146970e-05 4.535996312548184929e-06
-3.545156810412982968e-05 -4.559628183791280542e-01 -4.211509296164726611e-07 2.249629251720978120e-05 -6.788348490130531251e-04 3.676457758993180967e-04 -2.696829943945739695e-03 -3.868727589349031659e-02 8.699021609862266080e-02 -1.403362116570809604e-04 -1.638277887268299029e-05
1.794718676880919064e-06 2.847802842014660659e-04 3.324159909045671510e-08 -9.279298141152918632e-07 8.191020471376946863e-06 2.430159591481769149e-06 -1.238872247165901319e-05 4.097924731985146970e-05 -1.403362116570809333e-04 6.437100136182136886e-06 7.121390563428228341e-08
5.798111296370836232e-07 1.412621426593158116e-05 -2.638603787308533223e-08 -1.292333654620720936e-07 4.013786459252745648e-07 1.293682526584832131e-07 1.037772110547879425e-06 4.535996312548184929e-06 -1.638277887268299029e-05 7.121390563428228341e-08 6.062885682798989611e-06
