# n_s H0 omega_b omega_cdm logA alpha_gomp threehalves_over_beta m_ncdm A_act P_act
1.375374333434553692e-05 1.992483648823593564e-03 9.776465573117155366e-08 -2.958894733180061004e-06 2.398731646543898307e-06 -1.219847209755574771e-05 2.660469683577665727e-05 -9.054375976579800837e-05 1.392555661128057624e-06 7.728497768953903461e-07
1.992483648823593564e-03 9.100979806558079366e-01 5.395955461277421365e-05 -8.482750281211285867e-04 -8.891537262965255829e-04 -6.004608463920898045e-04 1.445681973235441765e-03 -6.175229432050637762e-02 -9.098406774471156874e-05 1.131458543641820913e-04
9.776465573117155366e-08 5.395955461277421365e-05 1.276518567648270771e-08 -5.771765220669931532e-08 1.410434610991560913e-07 -2.001044250743976925e-07 4.464418346017273370e-07 -2.380911022685023395e-06 1.741144190135652966e-08 -2.279847508593277225e-08
-2.958894733180061004e-06 -8.482750281211285867e-04 -5.771765220669931532e-08 1.332059574109258377e-06 -1.629494846293280888e-06 4.527947860780393328e-06 -1.033002256322791538e-05 3.524788363560227359e-05 -7.416762237780648431e-07 -2.341330917344418426e-07
2.398731646543898307e-06 -8.891537262965255829e-04 1.410434610991560913e-07 -1.629494846293280888e-06 8.964586184508534239e-05 -1.445992657954694310e-04 3.325553076750844151e-04 1.885336031443925089e-04 8.173069566010813722e-06 -4.294521779047165195e-08
-1.219847209755574771e-05 -6.004608463920898045e-04 -2.001044250743976925e-07 4.527947860780393328e-06 -1.445992657954694310e-04 4.874362304164594584e-04 -5.228690537102454773e-04 -1.442994903973901174e-04 5.779712449555120473e-06 7.753755164439016305e-08
2.660469683577665727e-05 1.445681973235441765e-03 4.464418346017273370e-07 -1.033002256322791538e-05 3.325553076750844151e-04 -5.228690537102454773e-04 1.937129415755210965e-03 3.187066043106939685e-04 -1.106249850848088395e-05 -3.353177428980058837e-07
-9.054375976579800837e-05 -6.175229432050637762e-02 -2.380911022685023395e-06 3.524788363560227359e-05 1.885336031443925089e-04 -1.442994903973901174e-04 3.187066043106939685e-04 5.304067089805135533e-03 4.354668291146513597e-05 -4.354219520896780292e-06
1.392555661128057624e-06 -9.098406774471156874e-05 1.741144190135652966e-08 -7.416762237780648431e-07 8.173069566010813722e-06 5.779712449555120473e-06 -1.106249850848088395e-05 4.354668291146513597e-05 6.501347693499620705e-06 1.594360465904014862e-08
7.728497768953903461e-07 1.131458543641820913e-04 -2.279847508593277225e-08 -2.341330917344418426e-07 -4.294521779047165195e-08 7.753755164439016305e-08 -3.353177428980058837e-07 -4.354219520896780292e-06 1.594360465904014862e-08 6.150049234744719908e-06
