# n_s H0 omega_b omega_cdm logA alpha_gomp threehalves_over_beta m_ncdm A_act P_act
1.400186263207729823e-05 2.047898667400715241e-03 9.353378882756501420e-08 -3.032725665431969462e-06 3.265236473038501617e-06 -6.652620378101632589e-06 3.894384792039426750e-05 -9.411690451344906282e-05 1.452573658834259079e-06 8.494999233335392494e-07
2.047898667400715241e-03 9.306740028178561719e-01 5.481792997329045365e-05 -8.613422038846128273e-04 -1.080020134504291063e-03 8.021069071404653866e-05 3.343860933688957786e-04 -6.358568671884955170e-02 -6.657448098152674574e-05 1.420219911228407146e-04
9.353378882756501420e-08 5.481792997329045365e-05 1.340248450508313282e-08 -5.996858549130728905e-08 1.372961960172578036e-07 -2.371602881130613092e-08 5.676335100763910248e-07 -2.335390269283083784e-06 1.993688975015969107e-08 -2.110722160351367415e-08
-3.032725665431969462e-06 -8.613422038846128273e-04 -5.996858549130728905e-08 1.373223102609314408e-06 -2.045630334905637120e-06 2.403735850140684321e-06 -1.511366609548235410e-05 3.501367476708609701e-05 -8.020421435309502073e-07 -2.740308261108083254e-07
3.265236473038501617e-06 -1.080020134504291063e-03 1.372961960172578036e-07 -2.045630334905637120e-06 1.035140865513713474e-04 -7.708453943760456650e-05 5.270017328128248852e-04 2.251756848541198780e-04 7.665467274580305026e-06 1.090586053034323022e-07
-6.652620378101632589e-06 8.021069071404653866e-05 -2.371602881130613092e-08 2.403735850140684321e-06 -7.708453943760456650e-05 9.450099236317877158e-04 5.834059211437281909e-04 -1.080235650752152361e-04 2.911532375621507260e-06 -7.789509877090438196e-07
3.894384792039426750e-05 3.343860933688958871e-04 5.676335100763910248e-07 -1.511366609548235410e-05 5.270017328128248852e-04 5.834059211437281909e-04 4.782873152199381556e-03 6.617459334099695840e-04 -1.475199923788103205e-05 5.579102710622642021e-07
-9.411690451344906282e-05 -6.358568671884955170e-02 -2.335390269283083784e-06 3.501367476708609701e-05 2.251756848541199322e-04 -1.080235650752152225e-04 6.617459334099695840e-04 5.532050185854836891e-03 4.283345491961598311e-05 -6.144837878252470442e-06
1.452573658834259079e-06 -6.657448098152674574e-05 1.993688975015969107e-08 -8.020421435309502073e-07 7.665467274580305026e-06 2.911532375621507260e-06 -1.475199923788103205e-05 4.283345491961598311e-05 6.362765006969667007e-06 -7.838074646416144288e-09
8.494999233335392494e-07 1.420219911228407146e-04 -2.110722160351367415e-08 -2.740308261108083254e-07 1.090586053034323022e-07 -7.789509877090438196e-07 5.579102710622638845e-07 -6.144837878252468748e-06 -7.838074646416144288e-09 6.207128733686702507e-06
