# n_s H0 omega_b omega_cdm logA alpha_gomp threehalves_over_beta m_ncdm A_act P_act
1.467449810159511143e-05 2.245878542762188255e-03 1.069143144152740501e-07 -3.304846779547170650e-06 -9.563430981614295648e-07 -6.081910837533142425e-06 2.852867189632787696e-05 -1.080239871902045201e-04 4.119290192956222791e-07 8.038800357564788159e-07
2.245878542762188255e-03 1.095764724735429629e+00 5.743037734471026495e-05 -8.318416035279261418e-04 -8.114416338074772984e-04 -2.098921346279504323e-04 1.507738832613175891e-04 -8.519231553856769501e-02 -6.977077554375376049e-05 1.277450417280418839e-04
1.069143144152740501e-07 5.743037734471026495e-05 1.303864955557398645e-08 -6.235882461889744046e-08 1.092955242967289113e-07 -8.837254028553477233e-08 4.304108890635974534e-07 -2.615580110614901081e-06 1.272350760777675724e-08 -2.185898750299651310e-08
-3.304846779547170650e-06 -8.318416035279261418e-04 -6.235882461889744046e-08 1.556073994382189226e-06 3.021612854361894131e-07 2.412259489729601228e-06 -1.066837482476375812e-05 2.407411130487955558e-05 -2.298313920982722672e-07 -2.397415793242624881e-07
-9.563430981614295648e-07 -8.114416338074772984e-04 1.092955242967289113e-07 3.021612854361894131e-07 1.332562217618177573e-04 -9.515980398943722893e-05 5.429034259642779182e-04 9.672315978773328568e-05 1.574992949188741366e-05 -4.662212078639826451e-07
-6.081910837533142425e-06 -2.098921346279504323e-04 -8.837254028553477233e-08 2.412259489729601228e-06 -9.515980398943722893e-05 9.157864315740860692e-04 4.690644076353541760e-04 -8.376408644147074123e-05 -2.003719062744960273e-07 2.367054589015000987e-07
2.852867189632787696e-05 1.507738832613175891e-04 4.304108890635974534e-07 -1.066837482476375812e-05 5.429034259642779182e-04 4.690644076353541760e-04 4.536396623753355221e-03 4.899474624029177307e-04 -8.196366019632695996e-06 -7.761410401925750326e-07
-1.080239871902045201e-04 -8.519231553856768113e-02 -2.615580110614901081e-06 2.407411130487955558e-05 9.672315978773328568e-05 -8.376408644147074123e-05 4.899474624029177307e-04 8.642297936189731813e-03 1.974255910045155237e-05 -6.013950978564124138e-06
4.119290192956222791e-07 -6.977077554375376049e-05 1.272350760777675724e-08 -2.298313920982722672e-07 1.574992949188741366e-05 -2.003719062744960273e-07 -8.196366019632695996e-06 1.974255910045155576e-05 8.759924449894656361e-06 -1.101605371069617366e-07
8.038800357564788159e-07 1.277450417280418839e-04 -2.185898750299651310e-08 -2.397415793242624881e-07 -4.662212078639826451e-07 2.367054589015000987e-07 -7.761410401925750326e-07 -6.013950978564124138e-06 -1.101605371069617366e-07 6.193017477248956129e-06
