# n_s H0 omega_b omega_cdm logA alpha_gomp threehalves_over_beta m_ncdm A_act P_act
1.450468450009734728e-05 2.055071641031415344e-03 9.284825118653555037e-08 -3.258657849459129250e-06 -2.333451848683096504e-06 -8.698325726685653421e-06 1.863838721410372397e-05 -8.757138399654919054e-05 3.696636319891327616e-07 8.083877184745294382e-07
2.055071641031415344e-03 9.807841849224780972e-01 5.296143696064278220e-05 -8.140760890044529538e-04 -8.478133406073912453e-04 -1.878552551583439535e-04 4.759821800801979975e-04 -7.230499449700501791e-02 -5.006793025887338493e-05 1.224190395634160145e-04
9.284825118653555037e-08 5.296143696064278220e-05 1.302858888585367963e-08 -6.042111004880819325e-08 1.096889101247930612e-07 -1.265410619784115732e-07 3.369851996908722096e-07 -2.157073986158935924e-06 1.768456905382709501e-08 -2.341222022157757093e-08
-3.258657849459129250e-06 -8.140760890044529538e-04 -6.042111004880819325e-08 1.522783280704091023e-06 5.951389312320602476e-07 3.127825427270654084e-06 -7.759683864954014399e-06 2.355633582161637774e-05 -2.262805428416389283e-07 -2.462972444904688001e-07
-2.333451848683096504e-06 -8.478133406073912453e-04 1.096889101247930612e-07 5.951389312320602476e-07 1.200539366476379739e-04 -1.635155835575585943e-04 3.558803636697090264e-04 8.494082284072295005e-05 1.674631600241977968e-05 -2.506047845470260240e-07
-8.698325726685653421e-06 -1.878552551583439535e-04 -1.265410619784115732e-07 3.127825427270654084e-06 -1.635155835575585943e-04 5.125246007500120068e-04 -5.424179505464632716e-04 -1.188299238458443314e-04 1.392056216536425301e-06 1.136492525487199490e-07
1.863838721410372397e-05 4.759821800801979975e-04 3.369851996908722096e-07 -7.759683864954014399e-06 3.558803636697090264e-04 -5.424179505464632716e-04 1.911484941252150193e-03 3.026973920331976721e-04 -1.903834515387870192e-06 -3.688252402982815862e-07
-8.757138399654919054e-05 -7.230499449700501791e-02 -2.157073986158935924e-06 2.355633582161637774e-05 8.494082284072295005e-05 -1.188299238458443314e-04 3.026973920331976721e-04 7.115165893872558989e-03 1.715990010991556055e-05 -5.215126080126136760e-06
3.696636319891327616e-07 -5.006793025887338493e-05 1.768456905382709501e-08 -2.262805428416389283e-07 1.674631600241977968e-05 1.392056216536425301e-06 -1.903834515387870192e-06 1.715990010991556055e-05 8.887927872302263233e-06 -4.484453947910445092e-08
8.083877184745294382e-07 1.224190395634160145e-04 -2.341222022157757093e-08 -2.462972444904688001e-07 -2.506047845470260240e-07 1.136492525487199490e-07 -3.688252402982815862e-07 -5.215126080126136760e-06 -4.484453947910445092e-08 6.148916003617771025e-06
