# n_s H0 omega_b omega_cdm logA alpha_gomp threehalves_over_beta w0_fld wa_fld A_act P_act
1.167767054115151449e-05 -2.530253345161955435e-04 2.027503003606962837e-08 -2.030756854870400129e-06 1.364942198355500599e-06 -5.687687240434610982e-06 3.293124240773119028e-05 1.865404969240683658e-06 -9.623750784160015981e-05 8.153541143511694307e-07 7.359638956992425605e-07
-2.530253345161955435e-04 2.955370180787833423e+00 -2.672303416812900508e-07 7.046617391133483594e-05 1.011883865636829024e-03 -1.145053642662735571e-03 3.989713273809296183e-03 2.250972880938743037e-01 -4.746417993403269642e-01 1.066664182241819012e-04 6.048496849260783116e-07
2.027503003606962837e-08 -2.672303416812900508e-07 1.162391414353316350e-08 -3.283849178869472461e-08 1.771704681825808051e-07 -8.694534683689353915e-08 5.550838689268378706e-07 -2.824358707780080010e-07 -1.100274025031428715e-06 2.282503746735834257e-08 -2.712555842108292040e-08
-2.030756854870400129e-06 7.046617391133483594e-05 -3.283849178869472461e-08 9.915304902808333661e-07 -7.357350062756727345e-07 1.815097738221473117e-06 -1.215193356490286751e-05 -4.024767111739005551e-06 5.334842104363752110e-05 -3.553398961122043344e-07 -2.019208328480559758e-07
1.364942198355500599e-06 1.011883865636829024e-03 1.771704681825808051e-07 -7.357350062756727345e-07 1.288705067758941485e-04 -8.864578827753214570e-05 5.255348446026794889e-04 1.053123869050732304e-04 -2.943759900653278847e-04 1.611912760851021088e-05 -1.668841267810653673e-07
-5.687687240434610982e-06 -1.145053642662735571e-03 -8.694534683689353915e-08 1.815097738221473117e-06 -8.864578827753214570e-05 9.096742043743956266e-04 4.963821821101664297e-04 -1.457649285505880591e-04 4.304039449825808935e-04 8.020086039271189407e-07 4.563687829986686053e-07
3.293124240773118351e-05 3.989713273809296183e-03 5.550838689268378706e-07 -1.215193356490286751e-05 5.255348446026794889e-04 4.963821821101664297e-04 4.407234526806524944e-03 5.552094841040182416e-04 -1.903322677675474590e-03 -4.229336433677299214e-06 1.408167321927109178e-07
1.865404969240683658e-06 2.250972880938743037e-01 -2.824358707780080010e-07 -4.024767111739005551e-06 1.053123869050732304e-04 -1.457649285505880591e-04 5.552094841040182416e-04 1.858147963367699079e-02 -4.083658000102464297e-02 1.450003210319767056e-05 3.850621758025273316e-06
-9.623750784160013270e-05 -4.746417993403269642e-01 -1.100274025031428715e-06 5.334842104363752110e-05 -2.943759900653278847e-04 4.304039449825808935e-04 -1.903322677675474590e-03 -4.083658000102464297e-02 9.322645287301288552e-02 -5.068963616612020510e-05 -1.791466572993237095e-05
8.153541143511694307e-07 1.066664182241819012e-04 2.282503746735834257e-08 -3.553398961122043344e-07 1.611912760851021088e-05 8.020086039271189407e-07 -4.229336433677297520e-06 1.450003210319767056e-05 -5.068963616612020510e-05 8.800251317322211919e-06 -1.543732891943449449e-08
7.359638956992425605e-07 6.048496849260803233e-07 -2.712555842108292040e-08 -2.019208328480559758e-07 -1.668841267810653673e-07 4.563687829986686053e-07 1.408167321927105737e-07 3.850621758025273316e-06 -1.791466572993237095e-05 -1.543732891943449449e-08 6.196471388673895029e-06
