# n_s H0 omega_b omega_cdm logA alpha_gomp threehalves_over_beta w0_fld wa_fld m_ncdm A_act P_act
1.172020735358852942e-05 -2.725340339076089694e-05 3.428546062573674227e-08 -1.725258730134176402e-06 2.024666855598571089e-06 -5.684962735179755447e-06 3.352043540292835616e-05 2.417250917785892524e-05 -1.992294715050693492e-04 -1.162234245558745483e-04 5.224316675256448893e-07 7.870995630228932394e-07
-2.725340339076089694e-05 2.517589779689483276e+00 -1.307391017944119835e-05 2.513376952558848423e-04 6.543240776727826669e-04 9.175580633894005666e-04 4.193873059227225426e-03 1.951935586656849131e-01 -4.319414248461456718e-01 -3.673509918839303751e-02 3.411390701282153562e-05 9.964110531245710923e-06
3.428546062573674227e-08 -1.307391017944119835e-05 1.216032032072170042e-08 -3.731359541157027075e-08 1.173310292693338518e-07 -8.228415146910741584e-08 3.413262067247460609e-07 -1.306990378316536186e-06 7.012404864825876653e-07 -5.686174293937007649e-07 8.290088256589068594e-09 -2.650504386505348577e-08
-1.725258730134176402e-06 2.513376952558848423e-04 -3.731359541157027075e-08 1.104244050400257658e-06 1.364280335816041582e-07 1.834303218906955639e-06 -9.550934149582462632e-06 1.429717348077340930e-05 -1.124410957879756142e-05 -3.749410636405140694e-05 -2.079636508445014532e-07 -1.547616017702921609e-07
2.024666855598571089e-06 6.543240776727826669e-04 1.173310292693338518e-07 1.364280335816041582e-07 1.301612383508597497e-04 -8.774542232939969047e-05 5.279953572798262371e-04 7.629610676534980538e-05 -2.923914248152513625e-04 -1.855965335308989073e-04 1.612429288511893217e-05 1.226066550814474058e-07
-5.684962735179755447e-06 9.175580633894003498e-04 -8.228415146910741584e-08 1.834303218906955639e-06 -8.774542232939969047e-05 8.979214821741535613e-04 4.899836713857790450e-04 3.287153238086654817e-05 1.795249054504865650e-05 1.253930846155206690e-05 4.356996289986719529e-07 2.931261961855242468e-07
3.352043540292835616e-05 4.193873059227225426e-03 3.413262067247460609e-07 -9.550934149582462632e-06 5.279953572798262371e-04 4.899836713857790450e-04 4.417665047675252941e-03 5.230813589970980011e-04 -1.719515148037876681e-03 -2.008034237490302176e-04 -4.268928385123134724e-06 1.497352041487219959e-06
2.417250917785892524e-05 1.951935586656848576e-01 -1.306990378316536186e-06 1.429717348077340930e-05 7.629610676534980538e-05 3.287153238086654817e-05 5.230813589970980011e-04 1.646997137224405147e-02 -3.860360151927637318e-02 -4.364624676535942827e-03 7.983424385025872965e-06 6.344574291855213819e-06
-1.992294715050693492e-04 -4.319414248461456718e-01 7.012404864825879829e-07 -1.124410957879756142e-05 -2.923914248152513625e-04 1.795249054504864973e-05 -1.719515148037876681e-03 -3.860360151927637318e-02 1.003679394078259846e-01 2.162457344911141235e-02 -3.546429102103072420e-05 -3.268516701482352359e-05
-1.162234245558745483e-04 -3.673509918839303751e-02 -5.686174293937007649e-07 -3.749410636405142049e-05 -1.855965335308989073e-04 1.253930846155207198e-05 -2.008034237490301905e-04 -4.364624676535943694e-03 2.162457344911141235e-02 2.019030656940482005e-02 -1.465347736349329814e-05 -1.819814750170076532e-05
5.224316675256448893e-07 3.411390701282153562e-05 8.290088256589068594e-09 -2.079636508445014532e-07 1.612429288511893217e-05 4.356996289986719529e-07 -4.268928385123134724e-06 7.983424385025872965e-06 -3.546429102103071742e-05 -1.465347736349329814e-05 8.661927817644339263e-06 -4.391687583343297828e-08
7.870995630228932394e-07 9.964110531245707535e-06 -2.650504386505348577e-08 -1.547616017702921609e-07 1.226066550814474058e-07 2.931261961855242468e-07 1.497352041487219959e-06 6.344574291855214666e-06 -3.268516701482352359e-05 -1.819814750170076532e-05 -4.391687583343297828e-08 6.216861521708189215e-06
