# n_s H0 omega_b omega_cdm logA tau A_act P_act
9.091218334112259077e-06 3.166313247924205498e-04 -1.216013618825863420e-08 -8.613816367357180015e-07 4.630426312371452225e-06 3.905666936194137472e-06 3.089060983398258183e-07 3.622760796711395707e-07
3.166313247924205498e-04 7.044195291980247242e-02 1.352287563113681272e-05 -1.486392049435115135e-04 7.628289779367321451e-04 4.241876119689639169e-04 1.168847577327626988e-04 9.870334565583881083e-07
-1.216013618825863420e-08 1.352287563113681272e-05 1.056892356301966881e-08 -1.067842503937290335e-08 1.248987768484585768e-07 4.263950095350659288e-08 9.495149614596842380e-09 -3.066123659488632814e-08
-8.613816367357180015e-07 -1.486392049435115135e-04 -1.067842503937290335e-08 4.025897452523743486e-07 -1.693338116918318118e-06 -1.046393818552064597e-06 -3.097725545552964838e-07 -5.826628176756214628e-08
4.630426312371452225e-06 7.628289779367321451e-04 1.248987768484585768e-07 -1.693338116918318118e-06 1.238535743628227869e-04 6.336902759415991731e-05 5.791912777694122380e-07 -2.678434138064098701e-07
3.905666936194137472e-06 4.241876119689639169e-04 4.263950095350659288e-08 -1.046393818552064597e-06 6.336902759415991731e-05 3.844742065600098520e-05 -4.916681399459971763e-06 -2.216836219257062310e-07
3.089060983398258183e-07 1.168847577327626988e-04 9.495149614596842380e-09 -3.097725545552964838e-07 5.791912777694122380e-07 -4.916681399459971763e-06 5.807893764205627145e-06 -9.120652134564615421e-08
3.622760796711395707e-07 9.870334565583881083e-07 -3.066123659488632814e-08 -5.826628176756214628e-08 -2.678434138064098701e-07 -2.216836219257062310e-07 -9.120652134564615421e-08 6.133113948741331679e-06
