# n_s H0 omega_b omega_cdm logA alpha_gomp threehalves_over_beta A_act P_act
9.069468446446998176e-06 3.326208813459511867e-04 -1.601462752237878270e-08 -8.966421107259426970e-07 2.633403988933545634e-06 -6.627098933998202796e-06 2.571579456081598674e-05 5.942779471815071060e-07 3.576441494167386557e-07
3.326208813459511867e-04 7.359174006489169195e-02 1.393149315180732296e-05 -1.547310869603355453e-04 6.239784702209066674e-04 -3.258132162400330877e-04 3.252169021450549737e-03 1.395493569572772014e-04 4.146749239482886744e-06
-1.601462752237878270e-08 1.393149315180732296e-05 1.071083409706206703e-08 -1.134363355858076836e-08 1.193339889030723670e-07 3.207436542136476552e-08 1.730089638149908116e-07 1.053085531506996385e-08 -3.260371608479748822e-08
-8.966421107259426970e-07 -1.547310869603355453e-04 -1.134363355858076836e-08 4.122933470630828444e-07 -1.274460196870765396e-06 9.070112952374284763e-07 -8.074043268504026900e-06 -3.583435340088332562e-07 -6.529499671901379257e-08
2.633403988933545634e-06 6.239784702209066674e-04 1.193339889030723670e-07 -1.274460196870765396e-06 1.035617829359811501e-04 -8.264672287316735216e-05 5.619514959673683986e-04 2.262629916194412953e-06 -1.961139098369925553e-07
-6.627098933998202796e-06 -3.258132162400330877e-04 3.207436542136476552e-08 9.070112952374284763e-07 -8.264672287316735216e-05 1.059632961443299562e-03 7.036551365862531290e-04 5.038761681098578706e-06 -6.811554221570852339e-07
2.571579456081598674e-05 3.252169021450549737e-03 1.730089638149908116e-07 -8.074043268504026900e-06 5.619514959673683986e-04 7.036551365862531290e-04 5.381948532835151983e-03 -4.382538494795770062e-05 -3.146654930675323347e-06
5.942779471815071060e-07 1.395493569572772014e-04 1.053085531506996385e-08 -3.583435340088332562e-07 2.262629916194412953e-06 5.038761681098578706e-06 -4.382538494795770062e-05 5.520671092894751494e-06 -4.646393031917185719e-08
3.576441494167386557e-07 4.146749239482886744e-06 -3.260371608479748822e-08 -6.529499671901379257e-08 -1.961139098369925553e-07 -6.811554221570852339e-07 -3.146654930675323347e-06 -4.646393031917185719e-08 6.180599843771387951e-06
