gomp1
  min  = 1.775104313770379e-06
  max  = 7.056541311151188e-05
  mean = 2.5504887649285633e-05
  std  = 1.819491832385129e-05
