gomp1
  min  = 1.775104313770379e-06
  max  = 7.056541311151188e-05
  mean = 2.5504887649285633e-05
  std  = 1.819491832385129e-05
gomp2
  min  = -8.45801055393905e-06
  max  = 8.345513193008802e-05
  mean = 4.2973226268783485e-05
  std  = 2.7994783912641194e-05
