0226_simple
  min  = -0.0003152995399897107
  max  = 7.662581495315735e-06
  mean = -6.275005517057832e-05
  std  = 9.946727675247657e-05
0227_simple
  min  = -1.1346289019442679e-08
  max  = 3.8107274072385344e-05
  mean = 1.8038564469237583e-05
  std  = 1.3064363610349792e-05
