# n_s H0 omega_b omega_cdm logA tau A_act P_act
8.654354679595845453e-06 2.697284610266515370e-04 -2.625613513562330935e-08 -7.442046653861254631e-07 -1.083994828881166044e-06 1.939966710091995034e-07 9.271340386896356980e-07 3.787448984374673659e-07
2.697284610266515370e-04 6.546279812661967568e-02 1.314744491298185770e-05 -1.390698436344165768e-04 1.590195439634792035e-04 5.707077213988927939e-05 1.653764207256987022e-04 4.763730569882382227e-06
-2.625613513562330935e-08 1.314744491298185770e-05 1.061482345119217263e-08 -1.077923228205201510e-08 8.911316718000320547e-08 2.094481318272954741e-08 1.308022343203876190e-08 -2.885118813804619888e-08
-7.442046653861254631e-07 -1.390698436344165768e-04 -1.077923228205201510e-08 3.801694522456466151e-07 -1.391711317303240838e-07 -1.057172562801493398e-07 -4.293840875502729954e-07 -6.375601882964521809e-08
-1.083994828881166044e-06 1.590195439634792035e-04 8.911316718000320547e-08 -1.391711317303240838e-07 2.426539837393182320e-05 2.938003053492779662e-06 8.449920620823194928e-06 2.084011577270257046e-08
1.939966710091995034e-07 5.707077213988927939e-05 2.094481318272954741e-08 -1.057172562801493398e-07 2.938003053492779662e-06 1.616306864754954542e-06 -4.504303688305688789e-08 -5.726875254320801456e-08
9.271340386896356980e-07 1.653764207256987022e-04 1.308022343203876190e-08 -4.293840875502729954e-07 8.449920620823194928e-06 -4.504303688305688789e-08 5.118643901417439340e-06 -1.110926173370485458e-07
3.787448984374673659e-07 4.763730569882382227e-06 -2.885118813804619888e-08 -6.375601882964521809e-08 2.084011577270257046e-08 -5.726875254320801456e-08 -1.110926173370485458e-07 6.161267042223845686e-06
