# n_s H0 omega_b omega_cdm logA tau A_act P_act
8.551635234903348052e-06 2.806164329726981385e-04 -2.045515095631820189e-08 -7.880391431379281145e-07 -1.284220604744168752e-06 2.051251886209718436e-07 8.774054998001726471e-07 4.160853468110269210e-07
2.806164329726981385e-04 6.945668149869868579e-02 1.375173026670418791e-05 -1.456784059068794753e-04 1.655324103116772943e-04 6.274545626365718269e-05 1.714937979438014941e-04 2.614566962224212728e-06
-2.045515095631820189e-08 1.375173026670418791e-05 1.059980890747781953e-08 -1.116110021715155559e-08 9.113509382788323466e-08 2.447919249714446054e-08 1.112067426260690620e-08 -3.215580019649984088e-08
-7.880391431379281145e-07 -1.456784059068794753e-04 -1.116110021715155559e-08 3.935687844077608461e-07 -1.362669053067498168e-07 -1.121556525073575121e-07 -4.427600979038051287e-07 -6.751560477721938004e-08
-1.284220604744168752e-06 1.655324103116772943e-04 9.113509382788323466e-08 -1.362669053067498168e-07 2.400203539534919323e-05 2.916735472161850093e-06 8.314517661033085300e-06 7.186042852108367132e-08
2.051251886209718436e-07 6.274545626365718269e-05 2.447919249714446054e-08 -1.121556525073575121e-07 2.916735472161850093e-06 1.682370097839878302e-06 -1.172865429948298100e-07 -3.429278757306790573e-08
8.774054998001726471e-07 1.714937979438014941e-04 1.112067426260690620e-08 -4.427600979038051287e-07 8.314517661033085300e-06 -1.172865429948298100e-07 5.149428546261973937e-06 -7.207970515403837720e-08
4.160853468110269210e-07 2.614566962224212728e-06 -3.215580019649984088e-08 -6.751560477721938004e-08 7.186042852108367132e-08 -3.429278757306790573e-08 -7.207970515403837720e-08 6.007341713063936666e-06
