# n_s H0 omega_b omega_cdm logA alpha_gomp threehalves_over_beta w0_fld w_half m_ncdm A_act P_act
1.025882067101407351e-05 7.379290542869041975e-04 1.262174417264432649e-08 -1.472921989771965869e-06 3.683570456736852340e-06 -1.028930054835310578e-05 2.172237290720648698e-05 -1.221718911579643368e-04 3.498597906739917327e-05 -1.185081046940504255e-06 1.715121163320658621e-06 5.560900554833813605e-07
7.379290542869041975e-04 3.361016369182098895e+00 2.124370330207788458e-05 -3.369421587835067021e-04 2.492917497204982574e-04 -9.183433348214406055e-04 1.971373371380553702e-03 -3.629197819879501075e-01 -2.698796391937270667e-02 -3.124589571948160199e-02 1.506751699607973246e-04 5.832506197280104467e-05
1.262174417264432649e-08 2.124370330207788458e-05 1.101888357297468612e-08 -2.549943971252269897e-08 1.602729533804968185e-07 -1.091149261680492631e-07 3.110959020243834154e-07 -2.548772125195798499e-06 9.223116372004889008e-07 -3.076080666023439341e-07 2.607978287338658666e-08 -2.733618888157374095e-08
-1.472921989771965869e-06 -3.369421587835067021e-04 -2.549943971252269897e-08 7.273322709542287429e-07 -2.411548075722503139e-06 4.224299062728601363e-06 -9.288565385484818366e-06 5.366666419985449709e-05 -1.508473281751908943e-05 -1.957310224008479343e-06 -8.861409468788190859e-07 -1.358721674246954220e-07
3.683570456736852340e-06 2.492917497204982574e-04 1.602729533804968185e-07 -2.411548075722503139e-06 8.290227879575902132e-05 -1.418831664309349076e-04 3.068651273538984471e-04 -6.040877469934451864e-05 3.754053208279459217e-07 1.316421577278567199e-04 8.885056050833139369e-06 1.728384284817697018e-07
-1.028930054835310578e-05 -9.183433348214406055e-04 -1.091149261680492631e-07 4.224299062728601363e-06 -1.418831664309349076e-04 4.919913950577564730e-04 -5.185911547343879501e-04 1.559005055316628583e-04 -1.711475880214777620e-05 -1.543937805276634546e-04 4.460574275373295124e-06 -6.368724160200665154e-08
2.172237290720648698e-05 1.971373371380553702e-03 3.110959020243834154e-07 -9.288565385484818366e-06 3.068651273538984471e-04 -5.185911547343879501e-04 1.834703507026093448e-03 -3.993208931170823435e-04 6.810767883599378196e-05 3.381114386417594596e-04 -8.815166142378425630e-06 3.753726991400688645e-08
-1.221718911579643368e-04 -3.629197819879501075e-01 -2.548772125195798499e-06 5.366666419985449709e-05 -6.040877469934451864e-05 1.559005055316628583e-04 -3.993208931170823435e-04 4.327609434162342505e-02 5.598036480981680076e-04 4.329108531005086170e-03 -3.316392176152779711e-05 -1.202296348143417289e-05
3.498597906739917327e-05 -2.698796391937270667e-02 9.223116372004889008e-07 -1.508473281751908943e-05 3.754053208279459217e-07 -1.711475880214777620e-05 6.810767883599378196e-05 5.598036480981680076e-04 2.192225420430629016e-03 -1.133766807356439326e-03 5.033319806093589312e-06 2.236391625266310013e-06
-1.185081046940504255e-06 -3.124589571948160199e-02 -3.076080666023439341e-07 -1.957310224008479343e-06 1.316421577278567199e-04 -1.543937805276634546e-04 3.381114386417594596e-04 4.329108531005086170e-03 -1.133766807356439326e-03 2.620099680850148695e-03 3.579147404920821643e-05 1.689168691837477880e-06
1.715121163320658621e-06 1.506751699607973246e-04 2.607978287338658666e-08 -8.861409468788190859e-07 8.885056050833139369e-06 4.460574275373295124e-06 -8.815166142378425630e-06 -3.316392176152779711e-05 5.033319806093589312e-06 3.579147404920821643e-05 6.662085439756906458e-06 3.061105226522447711e-08
5.560900554833813605e-07 5.832506197280104467e-05 -2.733618888157374095e-08 -1.358721674246954220e-07 1.728384284817697018e-07 -6.368724160200665154e-08 3.753726991400688645e-08 -1.202296348143417289e-05 2.236391625266310013e-06 1.689168691837477880e-06 3.061105226522447711e-08 6.153995526606533128e-06
