# n_s H0 omega_b omega_cdm logA alpha_gomp threehalves_over_beta A_act P_act
1.262082977792719218e-05 9.907339418151943442e-04 5.276130464089363855e-08 -2.498910829057024075e-06 6.279206050145038810e-06 -6.967433798503474247e-06 4.740527131343250642e-05 2.214460902379741369e-06 6.877736154901194234e-07
9.907339418151943442e-04 2.030241781630048314e-01 2.808838722155609533e-05 -4.642970616433025129e-04 1.476226781710777026e-03 -1.154091655555453773e-03 7.400579432488754890e-03 4.464041491391433267e-04 5.565023919233437331e-05
5.276130464089363855e-08 2.808838722155609533e-05 1.217872546589805774e-08 -4.559604089070718326e-08 2.258438884808667828e-07 -1.208407286000527603e-07 6.506328649048790075e-07 4.420339834578481921e-08 -2.182924666587847284e-08
-2.498910829057024075e-06 -4.642970616433025129e-04 -4.559604089070718326e-08 1.153698981783146199e-06 -3.312153948101825269e-06 2.709667235405296284e-06 -1.827663007773017311e-05 -1.089524561844172047e-06 -1.781653458621236218e-07
6.279206050145038810e-06 1.476226781710777026e-03 2.258438884808667828e-07 -3.312153948101825269e-06 9.455831263573282494e-05 -8.786440326819503930e-05 4.778097467308955884e-04 5.828432187701161954e-06 4.581150694582874757e-08
-6.967433798503474247e-06 -1.154091655555453773e-03 -1.208407286000527603e-07 2.709667235405296284e-06 -8.786440326819503930e-05 8.642443892475219248e-04 4.244336668915435007e-04 1.912271638133189283e-06 -3.077863872469071941e-07
4.740527131343250642e-05 7.400579432488754890e-03 6.506328649048790075e-07 -1.827663007773017311e-05 4.778097467308955884e-04 4.244336668915435007e-04 4.384040464128156553e-03 -2.621203283526721912e-05 -2.330497870004160592e-07
2.214460902379741369e-06 4.464041491391433267e-04 4.420339834578481921e-08 -1.089524561844172047e-06 5.828432187701161954e-06 1.912271638133189283e-06 -2.621203283526721912e-05 6.263673131440734853e-06 -3.789013368327025606e-10
6.877736154901194234e-07 5.565023919233437331e-05 -2.182924666587847284e-08 -1.781653458621236218e-07 4.581150694582874757e-08 -3.077863872469071941e-07 -2.330497870004154240e-07 -3.789013368327025606e-10 6.109940174284091442e-06
