# n_s H0 omega_b omega_cdm logA alpha_gomp threehalves_over_beta A_act P_act
1.202114950189989445e-05 9.528211842966015973e-04 4.976757489560139547e-08 -2.386752903243509800e-06 5.342692674279729247e-06 -1.216651305215146116e-05 3.031899303676833119e-05 2.359693100743000782e-06 7.166027259169937225e-07
9.528211842966015973e-04 1.973149069164003566e-01 2.712748147045834711e-05 -4.521273955663623022e-04 1.258369578001535156e-03 -1.950027744891324631e-03 4.920534885306023648e-03 4.468397830867857734e-04 5.870572782567141658e-05
4.976757489560139547e-08 2.712748147045834711e-05 1.189663865321673042e-08 -4.405656115444974559e-08 2.021243334068353054e-07 -1.697588364457410752e-07 4.685324985615677922e-07 4.298209351149806433e-08 -2.405789419976416960e-08
-2.386752903243509800e-06 -4.521273955663623022e-04 -4.405656115444974559e-08 1.127439115881147102e-06 -2.775848136401247004e-06 4.743476238168975424e-06 -1.199020084524123455e-05 -1.094078258565960252e-06 -1.936232688230241214e-07
5.342692674279729247e-06 1.258369578001535156e-03 2.021243334068353054e-07 -2.775848136401247004e-06 8.187712105775907495e-05 -1.400050529175604554e-04 3.192334310437684795e-04 6.325255840585332939e-06 1.451617428296139565e-07
-1.216651305215146116e-05 -1.950027744891324631e-03 -1.697588364457410752e-07 4.743476238168975424e-06 -1.400050529175604554e-04 4.939954876573415940e-04 -4.975732194431757224e-04 6.945838426302834507e-06 -2.250912379784367151e-07
3.031899303676833119e-05 4.920534885306023648e-03 4.685324985615677922e-07 -1.199020084524123455e-05 3.192334310437684795e-04 -4.975732194431757224e-04 1.935213122198018061e-03 -1.394530469336794105e-05 4.803146324651656247e-07
2.359693100743000782e-06 4.468397830867857734e-04 4.298209351149806433e-08 -1.094078258565960252e-06 6.325255840585332939e-06 6.945838426302834507e-06 -1.394530469336794105e-05 6.090073359148831273e-06 2.314490368905842596e-08
7.166027259169937225e-07 5.870572782567141658e-05 -2.405789419976416960e-08 -1.936232688230241214e-07 1.451617428296139565e-07 -2.250912379784367151e-07 4.803146324651656247e-07 2.314490368905842596e-08 6.173322919067487840e-06
