# n_s H0 omega_b omega_cdm logA alpha_gomp threehalves_over_beta A_act P_act
8.863619894694626833e-06 3.084374542041370309e-04 -2.140798206867746750e-08 -8.513088410339764988e-07 -2.255890050882761732e-07 -6.668078775268588570e-06 1.217722426395807694e-05 1.182512374333646650e-07 4.321387919952144913e-07
3.084374542041370309e-04 7.549314354133071503e-02 1.414776116295811944e-05 -1.609824509572387258e-04 1.066591004493392590e-04 -4.800281520815195976e-04 1.083694636446153005e-03 3.862805640612945881e-05 7.405233088576969636e-06
-2.140798206867746750e-08 1.414776116295811944e-05 1.066306914578200485e-08 -1.240870799430252887e-08 1.320620061243701953e-07 -5.082238398779513540e-08 1.209252876283741858e-07 1.360469410807690930e-08 -2.988751615242957485e-08
-8.513088410339764988e-07 -1.609824509572387258e-04 -1.240870799430252887e-08 4.293904848482631213e-07 9.949896230570901796e-08 1.227863997028922448e-06 -2.778718293964743361e-06 -6.730926921712327116e-08 -7.333240852271615044e-08
-2.255890050882761732e-07 1.066591004493392590e-04 1.320620061243701953e-07 9.949896230570901796e-08 1.270891355533598126e-04 -1.756615935264035325e-04 3.849628838302024164e-04 1.597871123205553157e-05 -2.824118955749435092e-07
-6.668078775268588570e-06 -4.800281520815195976e-04 -5.082238398779513540e-08 1.227863997028922448e-06 -1.756615935264035325e-04 5.166536724701886393e-04 -5.722872737789852591e-04 2.534675551238294923e-06 7.628845980961410611e-07
1.217722426395807694e-05 1.083694636446153005e-03 1.209252876283741858e-07 -2.778718293964743361e-06 3.849628838302024164e-04 -5.722872737789852591e-04 1.979437769776222055e-03 -6.204234437244111631e-06 -1.201967590334081072e-06
1.182512374333646650e-07 3.862805640612945881e-05 1.360469410807690930e-08 -6.730926921712327116e-08 1.597871123205553157e-05 2.534675551238294923e-06 -6.204234437244111631e-06 8.720537622639281259e-06 -7.758324007380710030e-08
4.321387919952144913e-07 7.405233088576969636e-06 -2.988751615242957485e-08 -7.333240852271615044e-08 -2.824118955749435092e-07 7.628845980961410611e-07 -1.201967590334081072e-06 -7.758324007380710030e-08 6.222963287383305157e-06
