# n_s H0 omega_b omega_cdm logA alpha_gomp threehalves_over_beta A_act P_act
9.283299269464640255e-06 3.317561976447877428e-04 -1.824175835862316637e-08 -9.082731223164950938e-07 -3.324088560190288890e-07 -3.253114876145753615e-06 1.572208304574853404e-05 1.950907515653600880e-07 4.569431993102348942e-07
3.317561976447877428e-04 7.572150114284005584e-02 1.389415200724377181e-05 -1.605909308033762488e-04 1.746781774733446651e-04 -2.245997230105929872e-04 2.060056648770938227e-03 2.426116782872097294e-05 7.239246878853367146e-06
-1.824175835862316637e-08 1.389415200724377181e-05 1.074339336100534966e-08 -1.119186574255867456e-08 1.580187683375425360e-07 -2.203228279820032217e-08 3.789996414252803275e-07 8.344394348158223750e-09 -3.253076878682341090e-08
-9.082731223164950938e-07 -1.605909308033762488e-04 -1.119186574255867456e-08 4.293867315259542650e-07 3.035212422279133650e-08 5.103069522916589898e-07 -4.436039829555622192e-06 -5.234584325228013148e-08 -7.581132438458163847e-08
-3.324088560190288890e-07 1.746781774733446651e-04 1.580187683375425360e-07 3.035212422279133650e-08 1.484894845961084065e-04 -1.045843889866483934e-04 6.196460338769912285e-04 1.558304781159336482e-05 -4.008862894772755075e-07
-3.253114876145753615e-06 -2.245997230105929872e-04 -2.203228279820032217e-08 5.103069522916589898e-07 -1.045843889866483934e-04 1.043764370932038317e-03 5.861095521244003665e-04 2.028936394861891444e-06 1.654194690358791706e-06
1.572208304574853404e-05 2.060056648770938227e-03 3.789996414252803275e-07 -4.436039829555622192e-06 6.196460338769912285e-04 5.861095521244003665e-04 5.057180428923557791e-03 -1.037763776266655981e-05 -1.302162742608558605e-06
1.950907515653600880e-07 2.426116782872097294e-05 8.344394348158223750e-09 -5.234584325228013148e-08 1.558304781159336482e-05 2.028936394861891444e-06 -1.037763776266655981e-05 8.807946964021065377e-06 -5.510362871185941489e-08
4.569431993102348942e-07 7.239246878853367146e-06 -3.253076878682341090e-08 -7.581132438458163847e-08 -4.008862894772755075e-07 1.654194690358791706e-06 -1.302162742608558393e-06 -5.510362871185941489e-08 6.086579899623171797e-06
